Number of Rows: 15
Number of Columns: 20

 19  18  17  16  15  14  13  12  11  10   9   8   7   6   5   4   5   6   7   8 
 18  17  16  15  14  13  12  11  10   9   8   7   6   5   4   3   4   5   6   7 
 17  16  15  14  13  12  11  10   9   8   7   6   5   4   3   2   3   4   5   6 
 16  15  14  13  12  11  10   9   8   7   6   5   4   3   2   1   2   3   4   5 
 17  16  15  14  13  12  11  10   9   8   7   6   5   4   3   2   3   4   5   6 
 18  17  16  15  14  13  12  11  10   9   8   7   6   5   4   3   4   5   6   7 
 19  18  17  16  15  14  13  12  11  10   9   8   7   6   5   4   5   6   7   8 
 20  19  18  17  16  15  14  13  12  11  10   9   8   7   6   5   6   7   8   9 
 21  20  19  18  17  16  15  14  13  12  11  10   9   8   7   6   7   8   9  10 
 22  21  20  19  18  17  16  15  14  13  12  11  10   9   8   7   8   9  10  11 
 23  22  21  20  19  18  17  16  15  14  13  12  11  10   9   8   9  10  11  12 
 24  23  22  21  20  19  18  17  16  15  14  13  12  11  10   9  10  11  12  13 
 25  24  23  22  21  20  19  18  17  16  15  14  13  12  11  10  11  12  13  14 
 26  25  24  23  22  21  20  19  18  17  16  15  14  13  12  11  12  13  14  15 
 27  26  25  24  23  22  21  20  19  18  17  16  15  14  13  12  13  14  15  16 

