Number of Rows: 15
Number of Columns: 20

 22  21  20  19  18  17  16  15  14  13  12  11  10  11  12  13  14  15  16  17 
 21  20  19  18  17  16  15  14  13  12  11  10   9  10  11  12  13  14  15  16 
 20  19  18  17  16  15  14  13  12  11  10   9   8   9  10  11  12  13  14  15 
 19  18  17  16  15  14  13  12  11  10   9   8   7   8   9  10  11  12  13  14 
 18  17  16  15  14  13  12  11  10   9   8   7   6   7   8   9  10  11  12  13 
 17  16  15  14  13  12  11  10   9   8   7   6   5   6   7   8   9  10  11  12 
 16  15  14  13  12  11  10   9   8   7   6   5   4   5   6   7   8   9  10  11 
 15  14  13  12  11  10   9   8   7   6   5   4   3   4   5   6   7   8   9  10 
 14  13  12  11  10   9   8   7   6   5   4   3   2   3   4   5   6   7   8   9 
 13  12  11  10   9   8   7   6   5   4   3   2   1   2   3   4   5   6   7   8 
 14  13  12  11  10   9   8   7   6   5   4   3   2   3   4   5   6   7   8   9 
 15  14  13  12  11  10   9   8   7   6   5   4   3   4   5   6   7   8   9  10 
 16  15  14  13  12  11  10   9   8   7   6   5   4   5   6   7   8   9  10  11 
 17  16  15  14  13  12  11  10   9   8   7   6   5   6   7   8   9  10  11  12 
 18  17  16  15  14  13  12  11  10   9   8   7   6   7   8   9  10  11  12  13 

