Number of Rows: 15
Number of Columns: 20

 17  16  15  14  13  12  11  12  13  14  15  16  17  18  19  20  21  22  23  24 
 16  15  14  13  12  11  10  11  12  13  14  15  16  17  18  19  20  21  22  23 
 15  14  13  12  11  10   9  10  11  12  13  14  15  16  17  18  19  20  21  22 
 14  13  12  11  10   9   8   9  10  11  12  13  14  15  16  17  18  19  20  21 
 13  12  11  10   9   8   7   8   9  10  11  12  13  14  15  16  17  18  19  20 
 12  11  10   9   8   7   6   7   8   9  10  11  12  13  14  15  16  17  18  19 
 11  10   9   8   7   6   5   6   7   8   9  10  11  12  13  14  15  16  17  18 
 10   9   8   7   6   5   4   5   6   7   8   9  10  11  12  13  14  15  16  17 
  9   8   7   6   5   4   3   4   5   6   7   8   9  10  11  12  13  14  15  16 
  8   7   6   5   4   3   2   3   4   5   6   7   8   9  10  11  12  13  14  15 
  7   6   5   4   3   2   1   2   3   4   5   6   7   8   9  10  11  12  13  14 
  8   7   6   5   4   3   2   3   4   5   6   7   8   9  10  11  12  13  14  15 
  9   8   7   6   5   4   3   4   5   6   7   8   9  10  11  12  13  14  15  16 
 10   9   8   7   6   5   4   5   6   7   8   9  10  11  12  13  14  15  16  17 
 11  10   9   8   7   6   5   6   7   8   9  10  11  12  13  14  15  16  17  18 

